246 245 246 243 242 244 242 240 241 237 237 232 234 230 230 229
238 240 240 237 236 238 236 236 233 235 232 232 229 227 223 223
238 237 173  64 234 235 233 233 230 229 190  43  52 225 217 219
231 232  44  79  97 229 220 130  82  73  64  38  35 212 207 204
218 220 219 156 152  67  66  44  35  35  26  34  39 209 195 194
217 222 226  57  39  49  53  73  42  35  42  30  34 161 171 178
201 212 197  39  41  36 234  44  41 169  30  34  31 121 144 128
196 198 198  38  29  29  31  30 114 159  51  44  98 133 116 105
135 167 163  63  34  32  28  25  32  69 134 117 126 130 117 102
 98 139 125  76  26  27  31  26  79 107 100  98  98  93 100  82
119 101 103 103  33  32  32  25  29  38  40  55  75  69  44  67
135 152 163 148  55  37  35  29  29  30  29  32  44  27  33  99
136 160 146 120 114  32  34 113  31  90 132 128 119 112  25  76
137 136  92  93 120  34  34  99  23  30 102 122 123 135 133 105
112 131 129 131  38  31  37  97 100  30  50 106  93  91  85  74
136  97 113  86  32  30  86  71  42 100  80  82  79  87  82  88
246 245 246 243 242 244 242 240 241 236 237 232 234 230 230 228
238 240 240 237 236 238 236 235 233 235 232 231 229 227 223 223
238 237 173  63 234 235 233 233 230 228 190  43  52 225 217 219
231 232  44  79  97 229 220 130  82  72  64  38  35 212 206 204
217 220 218 156 152  66  66  44  35  35  26  34  38 209 195 194
217 221 226  56  39  49  53  73  41  34  42  30  34 161 170 178
201 212 197  39  40  36 234  44  41 169  29  34  31 121 144 128
195 198 197  38  29  28  31  30 114 159  51  44  97 133 116 105
135 167 163  62  34  32  28  25  32  68 133 117 126 129 117 102
 98 138 125  76  26  27  31  26  79 107 100  98  98  93 100  82
119 101 103 102  33  32  31  24  28  38  40  54  74  69  43  67
134 152 162 148  54  37  35  29  29  30  29  32  44  27  33  99
136 160 146 120 114  32  34 113  31  90 132 128 118 111  25  76
137 136  92  93 120  34  34  98  23  29 102 122 123 135 133 105
112 131 129 131  38  30  36  96 100  29  50 106  93  91  84  74
136  97 113  86  32  30  86  71  41  99  80  82  78  87  81  87
246 245 246 243 242 244 242 240 241 236 237 232 234 230 230 228
238 240 240 237 236 238 236 235 233 235 232 231 229 227 223 223
238 237 173  64 234 235 233 233 230 228 190  43  52 225 217 219
231 232  44  79  97 229 220 130  82  73  64  38  35 212 207 204
218 220 219 156 152  67  66  44  35  35  26  34  39 209 195 194
217 222 226  57  39  49  53  73  42  35  42  30  34 161 170 178
201 212 197  39  41  36 234  44  41 169  30  34  31 121 144 128
196 198 198  38  29  29  31  30 114 159  51  44  97 133 116 106
135 167 163  63  34  32  28  25  32  69 134 117 126 130 117 102
 98 139 125  76  26  27  31  26  79 107 100  98  98  93 100  82
119 101 103 102  33  32  32  25  29  38  40  55  75  69  44  67
135 152 162 148  55  37  35  29  29  30  29  32  44  27  33  99
136 160 146 120 114  32  34 113  31  90 132 128 119 112  25  76
137 136  92  93 120  34  34  98  23  30 102 122 123 135 133 105
112 131 129 131  38  31  37  96 100  30  50 107  93  91  85  74
136  97 113  86  32  30  86  71  42  99  80  82  79  87  82  88

229 223 219 204 194 178 128 105 102  82  67  99  76 105  74  88
230 223 217 207 195 171 144 116 117 100  44  33  25 133  85  82
230 227 225 212 209 161 121 133 130  93  69  27 112 135  91  87
234 229  52  35  39  34  31  98 126  98  75  44 119 123  93  79
232 232  43  38  34  30  34  44 117  98  55  32 128 122 106  82
237 232 190  64  26  42  30  51 134 100  40  29 132 102  50  80
237 235 229  73  35  35 169 159  69 107  38  30  90  30  30 100
241 233 230  82  35  42  41 114  32  79  29  29  31  23 100  42
240 236 233 130  44  73  44  30  25  26  25  29 113  99  97  71
242 236 233 220  66  53 234  31  28  31  32  35  34  34  37  86
244 238 235 229  67  49  36  29  32  27  32  37  32  34  31  30
242 236 234  97 152  39  41  29  34  26  33  55 114 120  38  32
243 237  64  79 156  57  39  38  63  76 103 148 120  93 131  86
246 240 173  44 219 226 197 198 163 125 103 163 146  92 129 113
245 240 237 232 220 222 212 198 167 139 101 152 160 136 131  97
246 238 238 231 218 217 201 196 135  98 119 135 136 137 112 136
228 223 219 204 194 178 128 105 102  82  67  99  76 105  74  87
230 223 217 206 195 170 144 116 117 100  43  33  25 133  84  81
230 227 225 212 209 161 121 133 129  93  69  27 111 135  91  87
234 229  52  35  38  34  31  97 126  98  74  44 118 123  93  78
232 231  43  38  34  30  34  44 117  98  54  32 128 122 106  82
237 232 190  64  26  42  29  51 133 100  40  29 132 102  50  80
236 235 228  72  35  34 169 159  68 107  38  30  90  29  29  99
241 233 230  82  35  41  41 114  32  79  28  29  31  23 100  41
240 235 233 130  44  73  44  30  25  26  24  29 113  98  96  71
242 236 233 220  66  53 234  31  28  31  31  35  34  34  36  86
244 238 235 229  66  49  36  28  32  27  32  37  32  34  30  30
242 236 234  97 152  39  40  29  34  26  33  54 114 120  38  32
243 237  63  79 156  56  39  38  62  76 102 148 120  93 131  86
246 240 173  44 218 226 197 197 163 125 103 162 146  92 129 113
245 240 237 232 220 221 212 198 167 138 101 152 160 136 131  97
246 238 238 231 217 217 201 195 135  98 119 134 136 137 112 136
228 223 219 204 194 178 128 106 102  82  67  99  76 105  74  88
230 223 217 207 195 170 144 116 117 100  44  33  25 133  85  82
230 227 225 212 209 161 121 133 130  93  69  27 112 135  91  87
234 229  52  35  39  34  31  97 126  98  75  44 119 123  93  79
232 231  43  38  34  30  34  44 117  98  55  32 128 122 107  82
237 232 190  64  26  42  30  51 134 100  40  29 132 102  50  80
236 235 228  73  35  35 169 159  69 107  38  30  90  30  30  99
241 233 230  82  35  42  41 114  32  79  29  29  31  23 100  42
240 235 233 130  44  73  44  30  25  26  25  29 113  98  96  71
242 236 233 220  66  53 234  31  28  31  32  35  34  34  37  86
244 238 235 229  67  49  36  29  32  27  32  37  32  34  31  30
242 236 234  97 152  39  41  29  34  26  33  55 114 120  38  32
243 237  64  79 156  57  39  38  63  76 102 148 120  93 131  86
246 240 173  44 219 226 197 198 163 125 103 162 146  92 129 113
245 240 237 232 220 222 212 198 167 139 101 152 160 136 131  97
246 238 238 231 218 217 201 196 135  98 119 135 136 137 112 136

 78  80  76  79  73  79  74  57  83  82  45  33  83  99 111 120
 87  85  92  99  99  74  32  65  91  62  31  56 115 119 124 118
105 107 105 114 116 103  51  41  88  40  32  92 104 104 118 125
 79  60 103 112 117 116  68  27  64  42  31 105 126 141 146 135
 95  49  37  43  41  41  34  25  31  41  31  87 149 147 150 142
 67  57  57  64  61  52  40  27  22  25  28  30  98 115 115 123
 86  82  88  94 100 107 109  61  25  25  27  28  89 130 127 113
101 106 113 117 120 127 103  37  26  27  30  29  87 167 163 150
119 117 120  84  56  76 107  86  66  30  28  29  53 174 190 189
142 142  90  34  27  47  87  51  73  92  40  36  54 170 202 200
170 170 125  38  30  39  44  50  63  45  42  44  73 198 214 212
193 194 172  46  29  29  33  40  50  63  70 120 144 203 219 220
205 208 173  50  35  50  70  94 129 191 186 110  59  78 196 229
214 215 209 104  96 157 203 214 228 230 230 215 116 163 226 236
221 222 223 225 223 227 230 232 233 234 234 235 236 237 238 239
228 229 230 230 233 235 236 237 237 239 240 240 241 242 242 243
 78  80  76  79  73  79  74  57  83  82  45  33  83  99 111 120
 87  85  92  99  99  74  32  65  91  62  31  56 115 119 124 118
105 107 105 114 116 103  51  41  88  40  32  92 104 104 118 125
 79  60 103 112 117 116  68  27  64  42  31 105 126 141 146 135
 95  49  37  43  41  41  34  25  31  41  31  87 149 147 150 142
 67  57  57  64  61  52  40  27  22  25  28  30  98 115 115 123
 86  82  88  94 100 107 109  61  25  25  27  28  89 130 127 113
101 106 113 117 120 127 103  37  26  27  30  29  87 167 163 150
119 117 120  84  56  76 107  86  66  30  28  29  53 174 190 189
142 142  90  34  27  47  87  51  73  92  40  36  54 170 202 200
170 170 125  38  30  39  44  50  63  45  42  44  73 198 214 212
193 194 172  46  29  29  33  40  50  63  70 120 144 203 219 220
205 208 173  50  35  50  70  94 129 191 186 110  59  78 196 229
214 215 209 104  96 157 203 214 228 230 230 215 116 163 226 236
221 222 223 225 223 227 230 232 233 234 234 235 236 237 238 239
228 229 230 230 233 235 236 237 237 239 240 240 241 242 242 243
 78  80  76  79  73  79  74  57  83  82  45  33  83  99 111 120
 87  85  92  99  99  74  32  65  91  62  31  56 115 119 124 118
105 107 105 114 116 103  51  41  88  40  32  92 104 104 118 125
 79  60 103 112 117 116  68  27  64  42  31 105 126 141 146 135
 95  49  37  43  41  41  34  25  31  41  31  87 149 147 150 142
 67  57  57  64  61  52  40  27  22  25  28  30  98 115 115 123
 86  82  88  94 100 107 109  61  25  25  27  28  89 130 127 113
101 106 113 117 120 127 103  37  26  27  30  29  87 167 163 150
119 117 120  84  56  76 107  86  66  30  28  29  53 174 190 189
142 142  90  34  27  47  87  51  73  92  40  36  54 170 202 200
170 170 125  38  30  39  44  50  63  45  42  44  73 198 214 212
193 194 172  46  29  29  33  40  50  63  70 120 144 203 219 220
205 208 173  50  35  50  70  94 129 191 186 110  59  78 196 229
214 215 209 104  96 157 203 214 228 230 230 215 116 163 226 236
221 222 223 225 223 227 230 232 233 234 234 235 236 237 238 239
228 229 230 230 233 235 236 237 237 239 240 240 241 242 242 243

120 118 125 135 143 121 114 150 189 200 212 220 229 236 239 243
111 124 118 146 151 112 128 163 190 203 214 219 195 228 238 243
 99 119 104 141 148 113 131 167 174 170 198 198  74 169 237 242
 83 115 104 126 150  95  90  87  53  54  75 138  59 121 236 241
 33  56  92 105  86  30  28  29  29  36  45 119 110 218 235 240
 45  31  32  31  31  27  27  30  28  41  42  75 190 230 234 240
 82  62  40  42  41  25  25  27  30  91  45  66 197 230 234 239
 83  91  88  64  30  22  25  26  66  72  62  52 132 229 233 238
 57  65  41  27  25  27  61  37  86  52  49  41  96 218 232 237
 74  32  51  68  32  42 110 103 107  87  43  35  72 209 230 236
 79  74 103 116  37  54 108 127  76  47  39  29  51 163 228 235
 73  99 116 117  37  63 101 120  56  27  30  29  35  99 223 233
 79  99 114 112  39  66  95 117  84  34  38  46  50 107 225 231
 76  92 105 103  35  59  89 113 120  90 127 172 173 210 224 230
 80  85 107  60  50  57  83 106 117 143 171 195 209 215 222 229
 78  87 105  79  96  67  87 101 119 143 171 193 206 215 221 228
120 118 125 135 143 121 114 150 189 200 212 220 229 236 239 243
111 124 118 146 151 112 128 163 190 203 214 219 195 228 238 243
 99 119 104 141 148 113 131 167 174 170 198 198  74 169 237 242
 83 115 104 126 150  95  90  87  53  54  75 138  59 121 236 241
 33  56  92 105  86  30  28  29  29  36  45 119 110 218 235 240
 45  31  32  31  31  27  27  30  28  41  42  75 190 230 234 240
 82  62  40  42  41  25  25  27  30  91  45  66 197 230 234 239
 83  91  88  64  30  22  25  26  66  72  62  52 132 229 233 238
 57  65  41  27  25  27  61  37  86  52  49  41  96 218 232 237
 74  32  51  68  32  42 110 103 107  87  43  35  72 209 230 236
 79  74 103 116  37  54 108 127  76  47  39  29  51 163 228 235
 73  99 116 117  37  63 101 120  56  27  30  29  35  99 223 233
 79  99 114 112  39  66  95 117  84  34  38  46  50 107 225 231
 76  92 105 103  35  59  89 113 120  90 127 172 173 210 224 230
 80  85 107  60  50  57  83 106 117 143 171 195 209 215 222 229
 78  87 105  79  96  67  87 101 119 143 171 193 206 215 221 228
120 118 125 135 143 121 114 150 189 200 212 220 229 236 239 243
111 124 118 146 151 112 128 163 190 203 214 219 195 228 238 243
 99 119 104 141 148 113 131 167 174 170 198 198  74 169 237 242
 83 115 104 126 150  95  90  87  53  54  75 138  59 121 236 241
 33  56  92 105  86  30  28  29  29  36  45 119 110 218 235 240
 45  31  32  31  31  27  27  30  28  41  42  75 190 230 234 240
 82  62  40  42  41  25  25  27  30  91  45  66 197 230 234 239
 83  91  88  64  30  22  25  26  66  72  62  52 132 229 233 238
 57  65  41  27  25  27  61  37  86  52  49  41  96 218 232 237
 74  32  51  68  32  42 110 103 107  87  43  35  72 209 230 236
 79  74 103 116  37  54 108 127  76  47  39  29  51 163 228 235
 73  99 116 117  37  63 101 120  56  27  30  29  35  99 223 233
 79  99 114 112  39  66  95 117  84  34  38  46  50 107 225 231
 76  92 105 103  35  59  89 113 120  90 127 172 173 210 224 230
 80  85 107  60  50  57  83 106 117 143 171 195 209 215 222 229
 78  87 105  79  96  67  87 101 119 143 171 193 206 215 221 228
