122 120 121 119 117 113 109 109 109 105 110 109 101 100 100  97
114 114 112 114 106 106 106 105 105 107 102 102 101  98  98  97
112 111 104  89  75 105  99 101  97  94  69  53  50  92  93  91
104 108 101  41  46  59 100  71  59  50  45  44  42  79  87  88
 98 100 100  93  52  56  49  48  47  43  38  37  40  84  82  81
 87  92  95  91  54  51  45  42  49  41  52  41  41  61  76  75
 90  86  88  81  45  44  45  78  48  43  47  36  37  48  69  72
 78  88  83  78  46  36  37  39  75  62  64  49  48  69  70  65
 78  73  77  78  63  41  45  39  39  39  71  69  69  70  65  57
 65  64  65  67  58  42  40  40  40  63  62  61  58  61  58  58
 71  66  68  64  55  43  38  35  36  45  51  51  50  47  50  56
 73  71  68  66  71  48  43  39  35  40  42  42  45  45  47  53
 64  67  70  63  60  48  40  50  47  35  61  62  64  63  50  48
 61  64  64  58  59  48  43  48  49  40  56  58  64  53  66  60
 55  67  69  61  63  48  45  58  58  41  45  54  58  56  53  53
 62  60  61  52  56  44  50  57  47  51  53  49  54  52  54  57
149 147 147 144 141 137 135 132 132 128 134 131 123 121 122 121
137 136 133 134 128 128 127 128 127 128 123 123 121 119 117 116
133 132 124 106  91 125 120 123 119 117  97  68  56 109 110 111
123 128 122  50  54  72 117  89  74  64  57  50  49  95 105 107
117 117 117 113  63  70  60  60  57  53  45  44  47 101 100 101
108 109 114 111  64  61  52  53  59  49  64  47  48  77  92  92
108 104 106  98  52  51  52  89  58  51  60  43  44  57  85  89
 96 103  98  96  52  42  43  44  83  76  81  57  59  81  83  77
 94  89  94  96  75  45  50  44  45  51  86  81  83  84  80  71
 81  80  80  83  68  47  46  46  45  79  77  75  71  75  70  72
 89  84  86  82  67  48  44  40  41  51  59  58  59  56  59  68
 89  89  86  84  90  58  48  44  40  45  52  54  56  52  56  73
 80  85  89  83  79  58  45  59  57  40  79  80  81  81  62  64
 78  81  80  71  73  59  48  58  62  46  74  77  81  68  83  78
 70  84  86  79  78  55  51  74  75  47  54  73  76  71  69  69
 79  77  80  69  68  49  64  73  61  65  68  64  69  66  68  71
154 152 155 152 149 146 143 141 140 137 138 136 130 129 129 127
146 145 142 144 136 136 136 135 134 135 132 131 129 126 123 121
142 140 132 113  99 133 129 129 125 124 128  87  62 116 117 116
134 136 130  53  65  86 127 109  95  82  67  54  52 104 112 111
124 125 125 121  82  91  74  71  66  61  49  45  50 107 105 106
115 116 121 119  65  61  55  65  71  56  66  50  51  82  98  96
113 110 113 104  53  52  53  94  66  58  65  46  48  64  89  93
101 109 106 102  51  41  43  44  88  82  85  65  67  87  86  82
100  96 100 101  77  45  47  45  46  60  89  85  87  87  83  73
 87  85  86  89  71  49  47  48  48  83  81  79  75  77  74  75
 97  90  89  85  70  49  45  42  42  54  61  61  60  59  63  72
 98  96  94  92  98  61  49  46  42  47  57  58  60  55  57  77
 88  92  99  93  88  63  46  63  60  43  88  90  90  88  66  67
 88  89  87  80  82  62  50  61  67  47  81  85  90  77  92  85
 79  92  96  87  85  57  52  82  83  48  57  81  84  79  77  75
 88  85  88  77  73  51  68  81  68  70  75  70  76  74  75  77

 97  97  91  88  81  75  72  65  57  58  56  53  48  60  53  57
100  98  93  87  82  76  69  70  65  58  50  47  50  66  53  54
100  98  92  79  84  61  48  69  70  61  47  45  63  53  56  52
101 101  50  42  40  41  37  48  69  58  50  45  64  64  58  54
109 102  53  44  37  41  36  49  69  61  51  42  62  58  54  49
110 102  69  45  38  52  47  64  71  62  51  42  61  56  45  53
105 107  94  50  43  41  43  62  39  63  45  40  35  40  41  51
109 105  97  59  47  49  48  75  39  40  36  35  47  49  58  47
109 105 101  71  48  42  78  39  39  40  35  39  50  48  58  57
109 106  99 100  49  45  45  37  45  40  38  43  40  43  45  50
113 106 105  59  56  51  44  36  41  42  43  48  48  48  48  44
117 106  75  46  52  54  45  46  63  58  55  71  60  59  63  56
119 114  89  41  93  91  81  78  78  67  64  66  63  58  61  52
121 112 104 101 100  95  88  83  77  65  68  68  70  64  69  61
120 114 111 108 100  92  86  88  73  64  66  71  67  64  67  60
122 114 112 104  98  87  90  78  78  65  71  73  64  61  55  62
121 116 111 107 101  92  89  77  71  72  68  73  64  78  69  71
122 117 110 105 100  92  85  83  80  70  59  56  62  83  69  68
121 119 109  95 101  77  57  81  84  75  56  52  81  68  71  66
123 121  56  49  47  48  44  59  83  71  59  56  81  81  76  69
131 123  68  50  44  47  43  57  81  75  58  54  80  77  73  64
134 123  97  57  45  64  60  81  86  77  59  52  79  74  54  68
128 128 117  64  53  49  51  76  51  79  51  45  40  46  47  65
132 127 119  74  57  59  58  83  45  45  41  40  57  62  75  61
132 128 123  89  60  53  89  44  44  46  40  44  59  58  74  73
135 127 120 117  60  52  52  43  50  46  44  48  45  48  51  64
137 128 125  72  70  61  51  42  45  47  48  58  58  59  55  49
141 128  91  54  63  64  52  52  75  68  67  90  79  73  78  68
144 134 106  50 113 111  98  96  96  83  82  84  83  71  79  69
147 133 124 122 117 114 106  98  94  80  86  86  89  80  86  80
147 136 132 128 117 109 104 103  89  80  84  89  85  81  84  77
149 137 133 123 117 108 108  96  94  81  89  89  80  78  70  79
127 121 116 111 106  96  93  82  73  75  72  77  67  85  75  77
129 123 117 112 105  98  89  86  83  74  63  57  66  92  77  75
129 126 116 104 107  82  64  87  87  77  59  55  88  77  79  74
130 129  62  52  50  51  48  67  87  75  60  60  90  90  84  76
136 131  87  54  45  50  46  65  85  79  61  58  90  85  81  70
138 132 128  67  49  66  65  85  89  81  61  57  88  81  57  75
137 135 124  82  61  56  58  82  60  83  54  47  43  47  48  70
140 134 125  95  66  71  66  88  46  48  42  42  60  67  83  68
141 135 129 109  71  65  94  44  45  48  42  46  63  61  82  81
143 136 129 127  74  55  53  43  47  47  45  49  46  50  52  68
146 136 133  86  91  61  52  41  45  49  49  61  63  62  57  51
149 136  99  65  82  65  53  51  77  71  70  98  88  82  85  73
152 144 113  53 121 119 104 102 101  89  85  92  93  80  87  77
155 142 132 130 125 121 113 106 100  86  89  94  99  87  96  88
152 145 140 136 125 116 110 109  96  85  90  96  92  89  92  85
154 146 142 134 124 115 113 101 100  87  97  98  88  88  79  88

 50  51  50  52  50  50  47  48  53  44  42  49  55  58  60  60
 54  53  55  55  55  44  39  53  51  40  45  57  60  62  61  61
 58  58  57  59  58  55  37  48  46  41  48  57  57  60  62  62
 50  48  57  60  60  58  36  43  44  40  49  62  65  66  65  64
 54  44  42  42  41  41  38  37  39  40  48  64  66  68  67  68
 51  48  48  50  49  48  41  36  36  39  39  54  62  64  63  65
 57  57  59  60  61  61  58  36  36  39  39  54  65  66  63  66
 61  63  65  65  66  67  46  37  37  41  41  55  72  72  71  74
 66  65  68  51  43  60  58  58  39  39  38  45  77  80  80  79
 68  70  49  36  36  49  46  46  63  44  42  44  79  84  83  84
 75  75  59  36  38  44  40  45  44  43  46  52  86  90  89  88
 80  82  75  39  38  38  39  43  45  48  52  54  86  94  94  94
 86  88  77  40  41  47  50  57  73  97  61  47  45  95 101 100
 91  92  88  50  54  73  90  98  99 100  97  67  75 104 106 107
 95  95  96  97  96  98 100 103 104 104 105 106 108 109 111 111
 98  99 101 102 104 105 107 108 109 111 112 113 114 115 116 119
 66  67  65  67  65  66  61  62  71  54  48  62  73  76  79  78
 70  69  71  73  72  53  46  69  65  46  53  74  78  80  78  79
 74  75  74  77  76  71  43  60  55  46  58  75  73  77  79  79
 65  60  75  77  79  75  42  52  52  45  59  80  83  85  83  81
 70  53  50  52  51  50  43  43  45  45  56  82  85  86  85  85
 63  57  57  59  58  56  48  40  41  44  45  68  80  81  80  83
 70  68  71  73  74  76  73  42  41  43  44  64  81  81  78  81
 74  76  78  79  79  81  58  42  42  46  46  65  90  90  87  91
 79  78  80  63  53  75  71  67  45  45  43  51  95  97  97  97
 85  85  61  44  43  60  57  55  75  51  49  52  96 103 102 104
 93  92  73  44  44  54  48  57  55  51  55  63 105 109 108 109
 99 100  90  45  44  45  49  52  56  61  66  69 104 113 113 114
104 107  93  47  48  59  62  73  90 115  74  57  53 114 121 121
110 110 106  60  70  96 112 120 122 121 116  82  90 125 128 130
114 114 115 116 117 120 122 124 126 125 127 127 129 131 133 134
119 120 121 123 126 129 129 130 132 135 136 137 138 140 142 144
 72  73  72  73  72  73  65  67  78  58  49  68  80  84  86  86
 76  76  79  80  79  56  47  77  70  46  55  81  86  88  86  85
 82  84  83  86  84  78  45  66  58  47  62  82  80  85  88  87
 69  64  82  86  87  84  44  56  56  46  63  89  92  93  90  89
 74  55  53  54  53  53  45  44  47  46  59  89  92  94  93  94
 66  61  59  61  60  57  51  42  43  45  46  70  82  85  86  90
 73  72  73  76  78  79  76  44  43  44  44  68  86  87  84  87
 77  79  82  82  83  85  65  43  43  45  44  68  96  96  93  96
 84  82  85  69  60  82  77  70  44  44  43  51 101 103 103 102
 88  89  66  48  46  65  64  65  81  51  50  52 101 110 107 109
 96  98  79  47  47  57  56  70  66  52  55  67 113 116 115 115
104 105  95  48  46  49  57  62  68  73  83  85 112 120 120 121
110 112  98  50  52  70  78  90 108 124  93  69  56 121 128 128
116 117 112  65  90 125 122 126 128 129 125  89  96 132 135 136
119 121 122 124 126 127 128 131 133 133 134 136 137 139 141 143
126 127 128 130 132 135 138 138 140 142 144 145 146 148 150 151

 60  61  62  64  68  65  66  74  79  84  88  94 100 107 111 119
 60  61  62  65  67  63  63  71  80  83  89  94 101 106 111 116
 58  62  60  66  68  64  66  72  80  84  90  94  95 104 109 115
 55  60  57  65  66  62  65  72  77  79  86  86  45  75 108 114
 49  57  57  62  64  54  54  55  45  44  52  54  47  67 106 113
 42  45  48  49  48  39  39  41  38  42  46  52  61  97 105 112
 44  40  41  40  40  39  39  41  39  44  43  48  97 100 104 111
 53  51  46  44  39  36  36  37  39  63  44  45  73  99 104 109
 48  53  48  43  37  36  36  37  58  46  45  43  57  98 103 108
 47  39  37  36  38  41  58  46  58  46  40  39  50  90 100 107
 50  44  55  58  41  48  61  67  60  49  44  38  47  73  98 105
 50  55  58  60  41  49  61  66  43  36  38  38  41  54  96 104
 52  55  59  60  42  50  60  65  51  36  36  39  40  50  97 102
 50  55  57  57  42  48  59  65  68  49  59  75  77  88  96 101
 51  53  58  48  44  48  57  63  65  70  75  82  88  92  95  99
 50  54  58  50  54  51  57  61  66  68  75  80  86  91  95  98
 78  79  79  81  85  83  81  91  97 104 109 114 121 130 134 144
 79  78  79  83  85  80  78  87  97 102 108 113 121 128 133 142
 76  80  77  85  86  81  81  90  97 103 109 113 114 125 131 140
 73  78  73  83  85  80  81  90  95  96 105 104  53  90 129 138
 62  74  75  80  82  68  64  65  51  52  63  69  57  82 127 137
 48  53  58  59  56  45  44  46  43  49  55  66  74 116 127 136
 54  46  46  45  45  44  43  46  45  51  51  61 115 121 125 135
 71  65  55  52  45  41  41  42  45  75  55  56  90 122 126 132
 62  69  60  52  43  40  42  42  67  55  57  52  73 120 124 130
 61  46  43  42  43  48  73  58  71  57  48  49  62 112 122 129
 66  53  71  75  50  56  76  81  75  60  54  45  59  96 120 129
 65  72  76  79  51  58  74  79  53  43  44  44  48  70 117 126
 67  73  77  77  52  59  73  79  63  44  44  45  47  60 116 123
 65  71  74  75  50  57  71  78  80  61  73  90  93 106 115 121
 67  69  75  60  53  57  68  76  78  85  92 100 107 110 114 120
 66  70  74  65  70  63  70  74  79  85  93  99 104 110 114 119
 86  85  87  89  94  90  87  96 102 109 115 121 128 136 143 151
 86  86  88  90  93  86  84  93 103 107 115 120 128 135 141 150
 84  88  85  93  94  85  87  96 103 110 116 120 121 132 139 148
 80  86  80  92  92  82  86  96 101 101 113 112  56  96 137 146
 68  81  82  89  89  70  68  68  51  52  67  85  69  89 136 145
 49  55  62  63  59  46  44  44  43  50  55  83  93 125 134 144
 58  46  47  46  46  45  44  45  44  51  52  73 124 129 133 142
 78  70  58  56  47  43  43  43  44  81  66  68 108 128 133 140
 67  77  66  56  44  42  44  43  70  65  70  62  90 126 131 138
 65  47  45  44  45  51  76  65  77  64  56  57  78 122 128 138
 73  56  78  84  53  57  79  85  82  65  57  49  70 125 127 135
 72  79  84  87  53  60  78  83  60  46  47  46  52  90 126 132
 73  80  86  86  54  61  76  82  69  48  47  48  50  65 124 130
 72  79  83  82  53  59  73  82  85  66  79  95  98 112 122 128
 73  76  84  64  55  61  72  79  82  89  98 105 112 117 121 127
 72  76  82  69  74  66  73  77  84  88  96 104 110 116 119 126
